2023_05_25-03_11_40_PM
Date:Decoder parameters go here...
Author:Anantha Rao
0 [-0.18633696 -0.68294466 -0.9464544   0.5203274   0.9721141   0.5680203
  0.06261244 -0.9810035   0.3472017  -0.24876004 -0.8609451   0.4117166 ] 
1 [-0.19116281 -0.7146055  -0.91233426  0.50604296  0.9873078   0.5421226
  0.03651523 -1.0035574   0.37267455 -0.28026327 -0.84497523  0.38940087] 
2 [-0.1958641  -0.7434415  -0.88415956  0.50705135  1.0054299   0.51457274
  0.01936139 -1.0166465   0.3944418  -0.3138868  -0.82404053  0.3749783 ] 
3 [-0.19309954 -0.7666759  -0.85896665  0.5176467   1.0182315   0.49058843
  0.0043647  -1.0184186   0.40819898 -0.34408224 -0.794933    0.37024876] 
4 [-0.19103889 -0.78606385 -0.8392262   0.5350507   1.0325834   0.46822947
 -0.00607876 -1.0124846   0.4167682  -0.37087765 -0.76756847  0.37179083] 
